                  78
         1         1    -16.113639930000      0.000000000000
         1         7      0.411301987015      0.000000000000
         1        13     -0.406319250963      0.000000000000
         1        19      2.146649521572      0.000000000000
         1        25      1.586885468923      0.000000000000
         2         2    -16.113639930000      0.000000000000
         2         8      0.411301987015      0.000000000000
         2        14     -0.406319250963      0.000000000000
         2        20      2.146649521572      0.000000000000
         2        26      1.586885468923      0.000000000000
         3         3    -16.820711830000      0.000000000000
         3         9      0.625705166674      0.000000000000
         3        15      2.129199760273      0.000000000000
         3        21      0.423266714160      0.000000000000
         3        27      1.590106640804      0.000000000000
         4         4    -16.820711830000      0.000000000000
         4        10      0.625705166674      0.000000000000
         4        16      2.129199760273      0.000000000000
         4        22      0.423266714160      0.000000000000
         4        28      1.590106640804      0.000000000000
         5         5    -16.820711830000      0.000000000000
         5        11      0.625705166674      0.000000000000
         5        17      2.129199760273      0.000000000000
         5        23      0.423266714160      0.000000000000
         5        29      1.590106640804      0.000000000000
         6         6    -16.820711830000      0.000000000000
         6        12      0.625705166674      0.000000000000
         6        18      2.129199760273      0.000000000000
         6        24      0.423266714160      0.000000000000
         6        30      1.590106640804      0.000000000000
         7         1      0.411301987015      0.000000000000
         7         7     -0.742186191032      0.000000000000
         8         2      0.411301987015      0.000000000000
         8         8     -0.742186191032      0.000000000000
         9         3      0.625705166674      0.000000000000
         9         9      2.526799160241      0.000000000000
        10         4      0.625705166674      0.000000000000
        10        10      2.526799160241      0.000000000000
        11         5      0.625705166674      0.000000000000
        11        11      2.526799160241      0.000000000000
        12         6      0.625705166674      0.000000000000
        12        12      2.526799160241      0.000000000000
        13         1     -0.406319250963      0.000000000000
        13        13      2.298578193560      0.000000000000
        14         2     -0.406319250963      0.000000000000
        14        14      2.298578193560      0.000000000000
        15         3      2.129199760273      0.000000000000
        15        15     -3.115670898344      0.000000000000
        16         4      2.129199760273      0.000000000000
        16        16     -3.115670898344      0.000000000000
        17         5      2.129199760273      0.000000000000
        17        17     -3.115670898344      0.000000000000
        18         6      2.129199760273      0.000000000000
        18        18     -3.115670898344      0.000000000000
        19         1      2.146649521572      0.000000000000
        19        19     -3.118377096962      0.000000000000
        20         2      2.146649521572      0.000000000000
        20        20     -3.118377096962      0.000000000000
        21         3      0.423266714160      0.000000000000
        21        21     -0.794606110791      0.000000000000
        22         4      0.423266714160      0.000000000000
        22        22     -0.794606110791      0.000000000000
        23         5      0.423266714160      0.000000000000
        23        23     -0.794606110791      0.000000000000
        24         6      0.423266714160      0.000000000000
        24        24     -0.794606110791      0.000000000000
        25         1      1.586885468923      0.000000000000
        25        25      7.267264243013      0.000000000000
        26         2      1.586885468923      0.000000000000
        26        26      7.267264243013      0.000000000000
        27         3      1.590106640804      0.000000000000
        27        27      7.308158664431      0.000000000000
        28         4      1.590106640804      0.000000000000
        28        28      7.308158664431      0.000000000000
        29         5      1.590106640804      0.000000000000
        29        29      7.308158664431      0.000000000000
        30         6      1.590106640804      0.000000000000
        30        30      7.308158664431      0.000000000000
