838
 1  2  2  1   0.191549721770    0.00
 1  3  3  1   0.162391991467    0.00
 1  4  4  1   0.162391992013    0.00
 1  5  5  1   0.151055847732    0.00
 1  6  6  1   0.151055847830    0.00
 1  7  7  1   0.147608106821    0.00
 1  8  8  1   0.147608106165    0.00
 1  9  9  1   0.151055849101    0.00
 1 10 10  1   0.151055848236    0.00
 1 11 11  1   0.162391991467    0.00
 1 12 12  1   0.162391992013    0.00
 1 13 13  1   0.191549719684    0.00
 1 14 14  1   0.191549721203    0.00
 1  3  1  3   0.029157729620    0.00
 1  4  2  3   0.029157729704    0.00
 1  6  4  3   0.014634898301    0.00
 1  7  5  3   0.004875842719    0.00
 1  8  6  3   0.004875842709    0.00
 1  9  7  3  -0.004875842741    0.00
 1 10  8  3  -0.004875842716    0.00
 1 11  9  3  -0.014634898338    0.00
 1 12 10  3  -0.014634898320    0.00
 1 13 11  3  -0.029157729496    0.00
 1 14 12  3  -0.029157729661    0.00
 1  5  1  5   0.017821586117    0.00
 1  6  2  5   0.017821586144    0.00
 1  7  3  5   0.011155885116    0.00
 1  8  4  5   0.011155885110    0.00
 1 10  6  5   0.010682436168    0.00
 1 11  7  5   0.011155885116    0.00
 1 12  8  5   0.011155885110    0.00
 1 13  9  5   0.017821586122    0.00
 1 14 10  5   0.017821586142    0.00
 1  7  1  7   0.009933184147    0.00
 1  8  2  7   0.009933184137    0.00
 1  9  3  7   0.001404199685    0.00
 1 10  4  7   0.001404199684    0.00
 1 11  5  7  -0.001404199679    0.00
 1 12  6  7  -0.001404199682    0.00
 1 14  8  7  -0.009933184122    0.00
 1  9  1  9   0.008940265078    0.00
 1 10  2  9   0.008940265063    0.00
 1 11  3  9   0.002563706140    0.00
 1 12  4  9   0.002563706149    0.00
 1 13  5  9   0.008940265000    0.00
 1 14  6  9   0.008940265038    0.00
 1 11  1 11   0.006954426781    0.00
 1 12  2 11   0.006954426801    0.00
 1 13  3 11  -0.006954426752    0.00
 1 14  4 11  -0.006954426791    0.00
 1 13  1 13   0.013908853461    0.00
 1 14  2 13   0.013908853533    0.00
 2  1  1  2   0.191549721770    0.00
 2  3  3  2   0.162391991857    0.00
 2  4  4  2   0.162391992403    0.00
 2  5  5  2   0.151055848095    0.00
 2  6  6  2   0.151055848193    0.00
 2  7  7  2   0.147608107176    0.00
 2  8  8  2   0.147608106519    0.00
 2  9  9  2   0.151055849464    0.00
 2 10 10  2   0.151055848599    0.00
 2 11 11  2   0.162391991857    0.00
 2 12 12  2   0.162391992403    0.00
 2 13 13  2   0.191549720144    0.00
 2 14 14  2   0.191549721663    0.00
 2  3  1  4   0.029157729704    0.00
 2  4  2  4   0.029157729788    0.00
 2  5  3  4   0.014634898313    0.00
 2  7  5  4   0.004875842733    0.00
 2  8  6  4   0.004875842724    0.00
 2  9  7  4  -0.004875842755    0.00
 2 10  8  4  -0.004875842730    0.00
 2 11  9  4  -0.014634898380    0.00
 2 12 10  4  -0.014634898362    0.00
 2 13 11  4  -0.029157729580    0.00
 2 14 12  4  -0.029157729745    0.00
 2  5  1  6   0.017821586144    0.00
 2  6  2  6   0.017821586171    0.00
 2  7  3  6   0.011155885133    0.00
 2  8  4  6   0.011155885127    0.00
 2  9  5  6   0.010682436212    0.00
 2 11  7  6   0.011155885133    0.00
 2 12  8  6   0.011155885127    0.00
 2 13  9  6   0.017821586149    0.00
 2 14 10  6   0.017821586169    0.00
 2  7  1  8   0.009933184137    0.00
 2  8  2  8   0.009933184126    0.00
 2  9  3  8   0.001404199684    0.00
 2 10  4  8   0.001404199682    0.00
 2 11  5  8  -0.001404199677    0.00
 2 12  6  8  -0.001404199680    0.00
 2 13  7  8  -0.009933184094    0.00
 2  9  1 10   0.008940265063    0.00
 2 10  2 10   0.008940265048    0.00
 2 11  3 10   0.002563706136    0.00
 2 12  4 10   0.002563706145    0.00
 2 13  5 10   0.008940264985    0.00
 2 14  6 10   0.008940265023    0.00
 2 11  1 12   0.006954426801    0.00
 2 12  2 12   0.006954426821    0.00
 2 13  3 12  -0.006954426772    0.00
 2 14  4 12  -0.006954426811    0.00
 2 13  1 14   0.013908853533    0.00
 2 14  2 14   0.013908853604    0.00
 3  1  3  1   0.029157729620    0.00
 3  2  4  1   0.029157729704    0.00
 3  4  6  1   0.014634898301    0.00
 3  5  7  1   0.004875842719    0.00
 3  6  8  1   0.004875842709    0.00
 3  7  9  1  -0.004875842741    0.00
 3  8 10  1  -0.004875842716    0.00
 3  9 11  1  -0.014634898338    0.00
 3 10 12  1  -0.014634898320    0.00
 3 11 13  1  -0.029157729496    0.00
 3 12 14  1  -0.029157729661    0.00
 3  1  1  3   0.162391991467    0.00
 3  2  2  3   0.162391991857    0.00
 3  4  4  3   0.172656149013    0.00
 3  5  5  3   0.163053937070    0.00
 3  6  6  3   0.163053937176    0.00
 3  7  7  3   0.161399072468    0.00
 3  8  8  3   0.161399071750    0.00
 3  9  9  3   0.163053938548    0.00
 3 10 10  3   0.163053937614    0.00
 3 11 11  3   0.172656148432    0.00
 3 12 12  3   0.172656149013    0.00
 3 13 13  3   0.162391990088    0.00
 3 14 14  3   0.162391991376    0.00
 3  4  2  5   0.014634898313    0.00
 3  5  3  5   0.020938354501    0.00
 3  6  4  5   0.020938354543    0.00
 3  8  6  5   0.005589625501    0.00
 3  9  7  5  -0.005589625537    0.00
 3 10  8  5  -0.005589625509    0.00
 3 11  9  5  -0.020938354596    0.00
 3 12 10  5  -0.020938354571    0.00
 3 13 11  5  -0.014634898209    0.00
 3 14 12  5  -0.014634898292    0.00
 3  5  1  7   0.011155885116    0.00
 3  6  2  7   0.011155885133    0.00
 3  7  3  7   0.023724149954    0.00
 3  8  4  7   0.023724149941    0.00
 3  9  5  7   0.018732874157    0.00
 3 10  6  7   0.018732874109    0.00
 3 12  8  7   0.023724149941    0.00
 3 13  9  7   0.011155885119    0.00
 3 14 10  7   0.011155885132    0.00
 3  7  1  9   0.001404199685    0.00
 3  8  2  9   0.001404199684    0.00
 3  9  3  9   0.007616372905    0.00
 3 10  4  9   0.007616372896    0.00
 3 11  5  9  -0.007616372871    0.00
 3 12  6  9  -0.007616372886    0.00
 3 13  7  9  -0.001404199679    0.00
 3 14  8  9  -0.001404199682    0.00
 3  9  1 11   0.002563706140    0.00
 3 10  2 11   0.002563706136    0.00
 3 11  3 11   0.017218583928    0.00
 3 12  4 11   0.017218583986    0.00
 3 13  5 11   0.002563706118    0.00
 3 14  6 11   0.002563706129    0.00
 3 11  1 13  -0.006954426752    0.00
 3 12  2 13  -0.006954426772    0.00
 3 13  3 13   0.006954426722    0.00
 3 14  4 13   0.006954426762    0.00
 4  1  3  2   0.029157729704    0.00
 4  2  4  2   0.029157729788    0.00
 4  3  5  2   0.014634898313    0.00
 4  5  7  2   0.004875842733    0.00
 4  6  8  2   0.004875842724    0.00
 4  7  9  2  -0.004875842755    0.00
 4  8 10  2  -0.004875842730    0.00
 4  9 11  2  -0.014634898380    0.00
 4 10 12  2  -0.014634898362    0.00
 4 11 13  2  -0.029157729580    0.00
 4 12 14  2  -0.029157729745    0.00
 4  1  1  4   0.162391992013    0.00
 4  2  2  4   0.162391992403    0.00
 4  3  3  4   0.172656149013    0.00
 4  5  5  4   0.163053937619    0.00
 4  6  6  4   0.163053937725    0.00
 4  7  7  4   0.161399073011    0.00
 4  8  8  4   0.161399072293    0.00
 4  9  9  4   0.163053939097    0.00
 4 10 10  4   0.163053938163    0.00
 4 11 11  4   0.172656149013    0.00
 4 12 12  4   0.172656149594    0.00
 4 13 13  4   0.162391990635    0.00
 4 14 14  4   0.162391991922    0.00
 4  3  1  6   0.014634898301    0.00
 4  5  3  6   0.020938354543    0.00
 4  6  4  6   0.020938354585    0.00
 4  7  5  6   0.005589625523    0.00
 4  9  7  6  -0.005589625548    0.00
 4 10  8  6  -0.005589625520    0.00
 4 11  9  6  -0.020938354638    0.00
 4 12 10  6  -0.020938354613    0.00
 4 13 11  6  -0.014634898238    0.00
 4 14 12  6  -0.014634898321    0.00
 4  5  1  8   0.011155885110    0.00
 4  6  2  8   0.011155885127    0.00
 4  7  3  8   0.023724149941    0.00
 4  8  4  8   0.023724149928    0.00
 4  9  5  8   0.018732874147    0.00
 4 10  6  8   0.018732874099    0.00
 4 11  7  8   0.023724149941    0.00
 4 13  9  8   0.011155885113    0.00
 4 14 10  8   0.011155885126    0.00
 4  7  1 10   0.001404199684    0.00
 4  8  2 10   0.001404199682    0.00
 4  9  3 10   0.007616372896    0.00
 4 10  4 10   0.007616372887    0.00
 4 11  5 10  -0.007616372862    0.00
 4 12  6 10  -0.007616372877    0.00
 4 13  7 10  -0.001404199678    0.00
 4 14  8 10  -0.001404199680    0.00
 4  9  1 12   0.002563706149    0.00
 4 10  2 12   0.002563706145    0.00
 4 11  3 12   0.017218583986    0.00
 4 12  4 12   0.017218584044    0.00
 4 13  5 12   0.002563706127    0.00
 4 14  6 12   0.002563706138    0.00
 4 11  1 14  -0.006954426791    0.00
 4 12  2 14  -0.006954426811    0.00
 4 13  3 14   0.006954426762    0.00
 4 14  4 14   0.006954426801    0.00
 5  1  5  1   0.017821586117    0.00
 5  2  6  1   0.017821586144    0.00
 5  3  7  1   0.011155885116    0.00
 5  4  8  1   0.011155885110    0.00
 5  6 10  1   0.010682436168    0.00
 5  7 11  1   0.011155885116    0.00
 5  8 12  1   0.011155885110    0.00
 5  9 13  1   0.017821586122    0.00
 5 10 14  1   0.017821586142    0.00
 5  2  4  3   0.014634898313    0.00
 5  3  5  3   0.020938354501    0.00
 5  4  6  3   0.020938354543    0.00
 5  6  8  3   0.005589625501    0.00
 5  7  9  3  -0.005589625537    0.00
 5  8 10  3  -0.005589625509    0.00
 5  9 11  3  -0.020938354596    0.00
 5 10 12  3  -0.020938354571    0.00
 5 11 13  3  -0.014634898209    0.00
 5 12 14  3  -0.014634898292    0.00
 5  1  1  5   0.151055847732    0.00
 5  2  2  5   0.151055848095    0.00
 5  3  3  5   0.163053937070    0.00
 5  4  4  5   0.163053937619    0.00
 5  6  6  5   0.177869163422    0.00
 5  7  7  5   0.173645328122    0.00
 5  8  8  5   0.173645327350    0.00
 5  9  9  5   0.177869164918    0.00
 5 10 10  5   0.177869163899    0.00
 5 11 11  5   0.163053937070    0.00
 5 12 12  5   0.163053937619    0.00
 5 13 13  5   0.151055846450    0.00
 5 14 14  5   0.151055847648    0.00
 5  3  1  7   0.004875842719    0.00
 5  4  2  7   0.004875842733    0.00
 5  6  4  7   0.005589625523    0.00
 5  7  5  7   0.009326442468    0.00
 5  8  6  7   0.009326442451    0.00
 5 10  8  7  -0.009326442463    0.00
 5 11  9  7  -0.005589625537    0.00
 5 12 10  7  -0.005589625531    0.00
 5 13 11  7  -0.004875842698    0.00
 5 14 12  7  -0.004875842726    0.00
 5  6  2  9   0.010682436212    0.00
 5  7  3  9   0.018732874157    0.00
 5  8  4  9   0.018732874147    0.00
 5  9  5  9   0.035753581307    0.00
 5 10  6  9   0.035753581217    0.00
 5 11  7  9   0.018732874157    0.00
 5 12  8  9   0.018732874147    0.00
 5 14 10  9   0.010682436210    0.00
 5  7  1 11  -0.001404199679    0.00
 5  8  2 11  -0.001404199677    0.00
 5  9  3 11  -0.007616372871    0.00
 5 10  4 11  -0.007616372862    0.00
 5 11  5 11   0.007616372836    0.00
 5 12  6 11   0.007616372852    0.00
 5 13  7 11   0.001404199673    0.00
 5 14  8 11   0.001404199675    0.00
 5  9  1 13   0.008940265000    0.00
 5 10  2 13   0.008940264985    0.00
 5 11  3 13   0.002563706118    0.00
 5 12  4 13   0.002563706127    0.00
 5 13  5 13   0.008940264921    0.00
 5 14  6 13   0.008940264959    0.00
 6  1  5  2   0.017821586144    0.00
 6  2  6  2   0.017821586171    0.00
 6  3  7  2   0.011155885133    0.00
 6  4  8  2   0.011155885127    0.00
 6  5  9  2   0.010682436212    0.00
 6  7 11  2   0.011155885133    0.00
 6  8 12  2   0.011155885127    0.00
 6  9 13  2   0.017821586149    0.00
 6 10 14  2   0.017821586169    0.00
 6  1  3  4   0.014634898301    0.00
 6  3  5  4   0.020938354543    0.00
 6  4  6  4   0.020938354585    0.00
 6  5  7  4   0.005589625523    0.00
 6  7  9  4  -0.005589625548    0.00
 6  8 10  4  -0.005589625520    0.00
 6  9 11  4  -0.020938354638    0.00
 6 10 12  4  -0.020938354613    0.00
 6 11 13  4  -0.014634898238    0.00
 6 12 14  4  -0.014634898321    0.00
 6  1  1  6   0.151055847830    0.00
 6  2  2  6   0.151055848193    0.00
 6  3  3  6   0.163053937176    0.00
 6  4  4  6   0.163053937725    0.00
 6  5  5  6   0.177869163422    0.00
 6  7  7  6   0.173645328235    0.00
 6  8  8  6   0.173645327463    0.00
 6  9  9  6   0.177869165033    0.00
 6 10 10  6   0.177869164015    0.00
 6 11 11  6   0.163053937176    0.00
 6 12 12  6   0.163053937725    0.00
 6 13 13  6   0.151055846548    0.00
 6 14 14  6   0.151055847746    0.00
 6  3  1  8   0.004875842709    0.00
 6  4  2  8   0.004875842724    0.00
 6  5  3  8   0.005589625501    0.00
 6  7  5  8   0.009326442451    0.00
 6  8  6  8   0.009326442433    0.00
 6  9  7  8  -0.009326442493    0.00
 6 11  9  8  -0.005589625527    0.00
 6 12 10  8  -0.005589625520    0.00
 6 13 11  8  -0.004875842689    0.00
 6 14 12  8  -0.004875842716    0.00
 6  5  1 10   0.010682436168    0.00
 6  7  3 10   0.018732874109    0.00
 6  8  4 10   0.018732874099    0.00
 6  9  5 10   0.035753581217    0.00
 6 10  6 10   0.035753581126    0.00
 6 11  7 10   0.018732874109    0.00
 6 12  8 10   0.018732874099    0.00
 6 13  9 10   0.010682436171    0.00
 6  7  1 12  -0.001404199682    0.00
 6  8  2 12  -0.001404199680    0.00
 6  9  3 12  -0.007616372886    0.00
 6 10  4 12  -0.007616372877    0.00
 6 11  5 12   0.007616372852    0.00
 6 12  6 12   0.007616372867    0.00
 6 13  7 12   0.001404199676    0.00
 6 14  8 12   0.001404199678    0.00
 6  9  1 14   0.008940265038    0.00
 6 10  2 14   0.008940265023    0.00
 6 11  3 14   0.002563706129    0.00
 6 12  4 14   0.002563706138    0.00
 6 13  5 14   0.008940264959    0.00
 6 14  6 14   0.008940264998    0.00
 7  1  7  1   0.009933184147    0.00
 7  2  8  1   0.009933184137    0.00
 7  3  9  1   0.001404199685    0.00
 7  4 10  1   0.001404199684    0.00
 7  5 11  1  -0.001404199679    0.00
 7  6 12  1  -0.001404199682    0.00
 7  8 14  1  -0.009933184122    0.00
 7  1  5  3   0.011155885116    0.00
 7  2  6  3   0.011155885133    0.00
 7  3  7  3   0.023724149954    0.00
 7  4  8  3   0.023724149941    0.00
 7  5  9  3   0.018732874157    0.00
 7  6 10  3   0.018732874109    0.00
 7  8 12  3   0.023724149941    0.00
 7  9 13  3   0.011155885119    0.00
 7 10 14  3   0.011155885132    0.00
 7  1  3  5   0.004875842719    0.00
 7  2  4  5   0.004875842733    0.00
 7  4  6  5   0.005589625523    0.00
 7  5  7  5   0.009326442468    0.00
 7  6  8  5   0.009326442451    0.00
 7  8 10  5  -0.009326442463    0.00
 7  9 11  5  -0.005589625537    0.00
 7 10 12  5  -0.005589625531    0.00
 7 11 13  5  -0.004875842698    0.00
 7 12 14  5  -0.004875842726    0.00
 7  1  1  7   0.147608106821    0.00
 7  2  2  7   0.147608107176    0.00
 7  3  3  7   0.161399072468    0.00
 7  4  4  7   0.161399073011    0.00
 7  5  5  7   0.173645328122    0.00
 7  6  6  7   0.173645328235    0.00
 7  8  8  7   0.192298212901    0.00
 7  9  9  7   0.173645329695    0.00
 7 10 10  7   0.173645328701    0.00
 7 11 11  7   0.161399072468    0.00
 7 12 12  7   0.161399073011    0.00
 7 13 13  7   0.147608105568    0.00
 7 14 14  7   0.147608106738    0.00
 7  3  1  9  -0.004875842741    0.00
 7  4  2  9  -0.004875842755    0.00
 7  5  3  9  -0.005589625537    0.00
 7  6  4  9  -0.005589625548    0.00
 7  8  6  9  -0.009326442493    0.00
 7  9  7  9   0.009326442553    0.00
 7 10  8  9   0.009326442505    0.00
 7 12 10  9   0.005589625556    0.00
 7 13 11  9   0.004875842720    0.00
 7 14 12  9   0.004875842748    0.00
 7  5  1 11   0.011155885116    0.00
 7  6  2 11   0.011155885133    0.00
 7  8  4 11   0.023724149941    0.00
 7  9  5 11   0.018732874157    0.00
 7 10  6 11   0.018732874109    0.00
 7 11  7 11   0.023724149954    0.00
 7 12  8 11   0.023724149941    0.00
 7 13  9 11   0.011155885119    0.00
 7 14 10 11   0.011155885132    0.00
 7  8  2 13  -0.009933184094    0.00
 7  9  3 13  -0.001404199679    0.00
 7 10  4 13  -0.001404199678    0.00
 7 11  5 13   0.001404199673    0.00
 7 12  6 13   0.001404199676    0.00
 7 13  7 13   0.009933184062    0.00
 7 14  8 13   0.009933184080    0.00
 8  1  7  2   0.009933184137    0.00
 8  2  8  2   0.009933184126    0.00
 8  3  9  2   0.001404199684    0.00
 8  4 10  2   0.001404199682    0.00
 8  5 11  2  -0.001404199677    0.00
 8  6 12  2  -0.001404199680    0.00
 8  7 13  2  -0.009933184094    0.00
 8  1  5  4   0.011155885110    0.00
 8  2  6  4   0.011155885127    0.00
 8  3  7  4   0.023724149941    0.00
 8  4  8  4   0.023724149928    0.00
 8  5  9  4   0.018732874147    0.00
 8  6 10  4   0.018732874099    0.00
 8  7 11  4   0.023724149941    0.00
 8  9 13  4   0.011155885113    0.00
 8 10 14  4   0.011155885126    0.00
 8  1  3  6   0.004875842709    0.00
 8  2  4  6   0.004875842724    0.00
 8  3  5  6   0.005589625501    0.00
 8  5  7  6   0.009326442451    0.00
 8  6  8  6   0.009326442433    0.00
 8  7  9  6  -0.009326442493    0.00
 8  9 11  6  -0.005589625527    0.00
 8 10 12  6  -0.005589625520    0.00
 8 11 13  6  -0.004875842689    0.00
 8 12 14  6  -0.004875842716    0.00
 8  1  1  8   0.147608106165    0.00
 8  2  2  8   0.147608106519    0.00
 8  3  3  8   0.161399071750    0.00
 8  4  4  8   0.161399072293    0.00
 8  5  5  8   0.173645327350    0.00
 8  6  6  8   0.173645327463    0.00
 8  7  7  8   0.192298212901    0.00
 8  9  9  8   0.173645328923    0.00
 8 10 10  8   0.173645327929    0.00
 8 11 11  8   0.161399071750    0.00
 8 12 12  8   0.161399072293    0.00
 8 13 13  8   0.147608104912    0.00
 8 14 14  8   0.147608106082    0.00
 8  3  1 10  -0.004875842716    0.00
 8  4  2 10  -0.004875842730    0.00
 8  5  3 10  -0.005589625509    0.00
 8  6  4 10  -0.005589625520    0.00
 8  7  5 10  -0.009326442463    0.00
 8  9  7 10   0.009326442505    0.00
 8 10  8 10   0.009326442458    0.00
 8 11  9 10   0.005589625534    0.00
 8 13 11 10   0.004875842695    0.00
 8 14 12 10   0.004875842723    0.00
 8  5  1 12   0.011155885110    0.00
 8  6  2 12   0.011155885127    0.00
 8  7  3 12   0.023724149941    0.00
 8  9  5 12   0.018732874147    0.00
 8 10  6 12   0.018732874099    0.00
 8 11  7 12   0.023724149941    0.00
 8 12  8 12   0.023724149928    0.00
 8 13  9 12   0.011155885113    0.00
 8 14 10 12   0.011155885126    0.00
 8  7  1 14  -0.009933184122    0.00
 8  9  3 14  -0.001404199682    0.00
 8 10  4 14  -0.001404199680    0.00
 8 11  5 14   0.001404199675    0.00
 8 12  6 14   0.001404199678    0.00
 8 13  7 14   0.009933184080    0.00
 8 14  8 14   0.009933184097    0.00
 9  1  9  1   0.008940265078    0.00
 9  2 10  1   0.008940265063    0.00
 9  3 11  1   0.002563706140    0.00
 9  4 12  1   0.002563706149    0.00
 9  5 13  1   0.008940265000    0.00
 9  6 14  1   0.008940265038    0.00
 9  1  7  3   0.001404199685    0.00
 9  2  8  3   0.001404199684    0.00
 9  3  9  3   0.007616372905    0.00
 9  4 10  3   0.007616372896    0.00
 9  5 11  3  -0.007616372871    0.00
 9  6 12  3  -0.007616372886    0.00
 9  7 13  3  -0.001404199679    0.00
 9  8 14  3  -0.001404199682    0.00
 9  2  6  5   0.010682436212    0.00
 9  3  7  5   0.018732874157    0.00
 9  4  8  5   0.018732874147    0.00
 9  5  9  5   0.035753581307    0.00
 9  6 10  5   0.035753581217    0.00
 9  7 11  5   0.018732874157    0.00
 9  8 12  5   0.018732874147    0.00
 9 10 14  5   0.010682436210    0.00
 9  1  3  7  -0.004875842741    0.00
 9  2  4  7  -0.004875842755    0.00
 9  3  5  7  -0.005589625537    0.00
 9  4  6  7  -0.005589625548    0.00
 9  6  8  7  -0.009326442493    0.00
 9  7  9  7   0.009326442553    0.00
 9  8 10  7   0.009326442505    0.00
 9 10 12  7   0.005589625556    0.00
 9 11 13  7   0.004875842720    0.00
 9 12 14  7   0.004875842748    0.00
 9  1  1  9   0.151055849101    0.00
 9  2  2  9   0.151055849464    0.00
 9  3  3  9   0.163053938548    0.00
 9  4  4  9   0.163053939097    0.00
 9  5  5  9   0.177869164918    0.00
 9  6  6  9   0.177869165033    0.00
 9  7  7  9   0.173645329695    0.00
 9  8  8  9   0.173645328923    0.00
 9 10 10  9   0.177869165511    0.00
 9 11 11  9   0.163053938548    0.00
 9 12 12  9   0.163053939097    0.00
 9 13 13  9   0.151055847819    0.00
 9 14 14  9   0.151055849016    0.00
 9  3  1 11  -0.014634898338    0.00
 9  4  2 11  -0.014634898380    0.00
 9  5  3 11  -0.020938354596    0.00
 9  6  4 11  -0.020938354638    0.00
 9  7  5 11  -0.005589625537    0.00
 9  8  6 11  -0.005589625527    0.00
 9 10  8 11   0.005589625534    0.00
 9 11  9 11   0.020938354690    0.00
 9 12 10 11   0.020938354666    0.00
 9 14 12 11   0.014634898358    0.00
 9  5  1 13   0.017821586122    0.00
 9  6  2 13   0.017821586149    0.00
 9  7  3 13   0.011155885119    0.00
 9  8  4 13   0.011155885113    0.00
 9 10  6 13   0.010682436171    0.00
 9 11  7 13   0.011155885119    0.00
 9 12  8 13   0.011155885113    0.00
 9 13  9 13   0.017821586127    0.00
 9 14 10 13   0.017821586147    0.00
10  1  9  2   0.008940265063    0.00
10  2 10  2   0.008940265048    0.00
10  3 11  2   0.002563706136    0.00
10  4 12  2   0.002563706145    0.00
10  5 13  2   0.008940264985    0.00
10  6 14  2   0.008940265023    0.00
10  1  7  4   0.001404199684    0.00
10  2  8  4   0.001404199682    0.00
10  3  9  4   0.007616372896    0.00
10  4 10  4   0.007616372887    0.00
10  5 11  4  -0.007616372862    0.00
10  6 12  4  -0.007616372877    0.00
10  7 13  4  -0.001404199678    0.00
10  8 14  4  -0.001404199680    0.00
10  1  5  6   0.010682436168    0.00
10  3  7  6   0.018732874109    0.00
10  4  8  6   0.018732874099    0.00
10  5  9  6   0.035753581217    0.00
10  6 10  6   0.035753581126    0.00
10  7 11  6   0.018732874109    0.00
10  8 12  6   0.018732874099    0.00
10  9 13  6   0.010682436171    0.00
10  1  3  8  -0.004875842716    0.00
10  2  4  8  -0.004875842730    0.00
10  3  5  8  -0.005589625509    0.00
10  4  6  8  -0.005589625520    0.00
10  5  7  8  -0.009326442463    0.00
10  7  9  8   0.009326442505    0.00
10  8 10  8   0.009326442458    0.00
10  9 11  8   0.005589625534    0.00
10 11 13  8   0.004875842695    0.00
10 12 14  8   0.004875842723    0.00
10  1  1 10   0.151055848236    0.00
10  2  2 10   0.151055848599    0.00
10  3  3 10   0.163053937614    0.00
10  4  4 10   0.163053938163    0.00
10  5  5 10   0.177869163899    0.00
10  6  6 10   0.177869164015    0.00
10  7  7 10   0.173645328701    0.00
10  8  8 10   0.173645327929    0.00
10  9  9 10   0.177869165511    0.00
10 11 11 10   0.163053937614    0.00
10 12 12 10   0.163053938163    0.00
10 13 13 10   0.151055846954    0.00
10 14 14 10   0.151055848151    0.00
10  3  1 12  -0.014634898320    0.00
10  4  2 12  -0.014634898362    0.00
10  5  3 12  -0.020938354571    0.00
10  6  4 12  -0.020938354613    0.00
10  7  5 12  -0.005589625531    0.00
10  8  6 12  -0.005589625520    0.00
10  9  7 12   0.005589625556    0.00
10 11  9 12   0.020938354666    0.00
10 12 10 12   0.020938354641    0.00
10 13 11 12   0.014634898258    0.00
10  5  1 14   0.017821586142    0.00
10  6  2 14   0.017821586169    0.00
10  7  3 14   0.011155885132    0.00
10  8  4 14   0.011155885126    0.00
10  9  5 14   0.010682436210    0.00
10 11  7 14   0.011155885132    0.00
10 12  8 14   0.011155885126    0.00
10 13  9 14   0.017821586147    0.00
10 14 10 14   0.017821586166    0.00
11  1 11  1   0.006954426781    0.00
11  2 12  1   0.006954426801    0.00
11  3 13  1  -0.006954426752    0.00
11  4 14  1  -0.006954426791    0.00
11  1  9  3   0.002563706140    0.00
11  2 10  3   0.002563706136    0.00
11  3 11  3   0.017218583928    0.00
11  4 12  3   0.017218583986    0.00
11  5 13  3   0.002563706118    0.00
11  6 14  3   0.002563706129    0.00
11  1  7  5  -0.001404199679    0.00
11  2  8  5  -0.001404199677    0.00
11  3  9  5  -0.007616372871    0.00
11  4 10  5  -0.007616372862    0.00
11  5 11  5   0.007616372836    0.00
11  6 12  5   0.007616372852    0.00
11  7 13  5   0.001404199673    0.00
11  8 14  5   0.001404199675    0.00
11  1  5  7   0.011155885116    0.00
11  2  6  7   0.011155885133    0.00
11  4  8  7   0.023724149941    0.00
11  5  9  7   0.018732874157    0.00
11  6 10  7   0.018732874109    0.00
11  7 11  7   0.023724149954    0.00
11  8 12  7   0.023724149941    0.00
11  9 13  7   0.011155885119    0.00
11 10 14  7   0.011155885132    0.00
11  1  3  9  -0.014634898338    0.00
11  2  4  9  -0.014634898380    0.00
11  3  5  9  -0.020938354596    0.00
11  4  6  9  -0.020938354638    0.00
11  5  7  9  -0.005589625537    0.00
11  6  8  9  -0.005589625527    0.00
11  8 10  9   0.005589625534    0.00
11  9 11  9   0.020938354690    0.00
11 10 12  9   0.020938354666    0.00
11 12 14  9   0.014634898358    0.00
11  1  1 11   0.162391991467    0.00
11  2  2 11   0.162391991857    0.00
11  3  3 11   0.172656148432    0.00
11  4  4 11   0.172656149013    0.00
11  5  5 11   0.163053937070    0.00
11  6  6 11   0.163053937176    0.00
11  7  7 11   0.161399072468    0.00
11  8  8 11   0.161399071750    0.00
11  9  9 11   0.163053938548    0.00
11 10 10 11   0.163053937614    0.00
11 12 12 11   0.172656149013    0.00
11 13 13 11   0.162391990088    0.00
11 14 14 11   0.162391991376    0.00
11  3  1 13  -0.029157729496    0.00
11  4  2 13  -0.029157729580    0.00
11  5  3 13  -0.014634898209    0.00
11  6  4 13  -0.014634898238    0.00
11  7  5 13  -0.004875842698    0.00
11  8  6 13  -0.004875842689    0.00
11  9  7 13   0.004875842720    0.00
11 10  8 13   0.004875842695    0.00
11 12 10 13   0.014634898258    0.00
11 13 11 13   0.029157729372    0.00
11 14 12 13   0.029157729537    0.00
12  1 11  2   0.006954426801    0.00
12  2 12  2   0.006954426821    0.00
12  3 13  2  -0.006954426772    0.00
12  4 14  2  -0.006954426811    0.00
12  1  9  4   0.002563706149    0.00
12  2 10  4   0.002563706145    0.00
12  3 11  4   0.017218583986    0.00
12  4 12  4   0.017218584044    0.00
12  5 13  4   0.002563706127    0.00
12  6 14  4   0.002563706138    0.00
12  1  7  6  -0.001404199682    0.00
12  2  8  6  -0.001404199680    0.00
12  3  9  6  -0.007616372886    0.00
12  4 10  6  -0.007616372877    0.00
12  5 11  6   0.007616372852    0.00
12  6 12  6   0.007616372867    0.00
12  7 13  6   0.001404199676    0.00
12  8 14  6   0.001404199678    0.00
12  1  5  8   0.011155885110    0.00
12  2  6  8   0.011155885127    0.00
12  3  7  8   0.023724149941    0.00
12  5  9  8   0.018732874147    0.00
12  6 10  8   0.018732874099    0.00
12  7 11  8   0.023724149941    0.00
12  8 12  8   0.023724149928    0.00
12  9 13  8   0.011155885113    0.00
12 10 14  8   0.011155885126    0.00
12  1  3 10  -0.014634898320    0.00
12  2  4 10  -0.014634898362    0.00
12  3  5 10  -0.020938354571    0.00
12  4  6 10  -0.020938354613    0.00
12  5  7 10  -0.005589625531    0.00
12  6  8 10  -0.005589625520    0.00
12  7  9 10   0.005589625556    0.00
12  9 11 10   0.020938354666    0.00
12 10 12 10   0.020938354641    0.00
12 11 13 10   0.014634898258    0.00
12  1  1 12   0.162391992013    0.00
12  2  2 12   0.162391992403    0.00
12  3  3 12   0.172656149013    0.00
12  4  4 12   0.172656149594    0.00
12  5  5 12   0.163053937619    0.00
12  6  6 12   0.163053937725    0.00
12  7  7 12   0.161399073011    0.00
12  8  8 12   0.161399072293    0.00
12  9  9 12   0.163053939097    0.00
12 10 10 12   0.163053938163    0.00
12 11 11 12   0.172656149013    0.00
12 13 13 12   0.162391990635    0.00
12 14 14 12   0.162391991922    0.00
12  3  1 14  -0.029157729661    0.00
12  4  2 14  -0.029157729745    0.00
12  5  3 14  -0.014634898292    0.00
12  6  4 14  -0.014634898321    0.00
12  7  5 14  -0.004875842726    0.00
12  8  6 14  -0.004875842716    0.00
12  9  7 14   0.004875842748    0.00
12 10  8 14   0.004875842723    0.00
12 11  9 14   0.014634898358    0.00
12 13 11 14   0.029157729537    0.00
12 14 12 14   0.029157729702    0.00
13  1 13  1   0.013908853461    0.00
13  2 14  1   0.013908853533    0.00
13  1 11  3  -0.006954426752    0.00
13  2 12  3  -0.006954426772    0.00
13  3 13  3   0.006954426722    0.00
13  4 14  3   0.006954426762    0.00
13  1  9  5   0.008940265000    0.00
13  2 10  5   0.008940264985    0.00
13  3 11  5   0.002563706118    0.00
13  4 12  5   0.002563706127    0.00
13  5 13  5   0.008940264921    0.00
13  6 14  5   0.008940264959    0.00
13  2  8  7  -0.009933184094    0.00
13  3  9  7  -0.001404199679    0.00
13  4 10  7  -0.001404199678    0.00
13  5 11  7   0.001404199673    0.00
13  6 12  7   0.001404199676    0.00
13  7 13  7   0.009933184062    0.00
13  8 14  7   0.009933184080    0.00
13  1  5  9   0.017821586122    0.00
13  2  6  9   0.017821586149    0.00
13  3  7  9   0.011155885119    0.00
13  4  8  9   0.011155885113    0.00
13  6 10  9   0.010682436171    0.00
13  7 11  9   0.011155885119    0.00
13  8 12  9   0.011155885113    0.00
13  9 13  9   0.017821586127    0.00
13 10 14  9   0.017821586147    0.00
13  1  3 11  -0.029157729496    0.00
13  2  4 11  -0.029157729580    0.00
13  3  5 11  -0.014634898209    0.00
13  4  6 11  -0.014634898238    0.00
13  5  7 11  -0.004875842698    0.00
13  6  8 11  -0.004875842689    0.00
13  7  9 11   0.004875842720    0.00
13  8 10 11   0.004875842695    0.00
13 10 12 11   0.014634898258    0.00
13 11 13 11   0.029157729372    0.00
13 12 14 11   0.029157729537    0.00
13  1  1 13   0.191549719684    0.00
13  2  2 13   0.191549720144    0.00
13  3  3 13   0.162391990088    0.00
13  4  4 13   0.162391990635    0.00
13  5  5 13   0.151055846450    0.00
13  6  6 13   0.151055846548    0.00
13  7  7 13   0.147608105568    0.00
13  8  8 13   0.147608104912    0.00
13  9  9 13   0.151055847819    0.00
13 10 10 13   0.151055846954    0.00
13 11 11 13   0.162391990088    0.00
13 12 12 13   0.162391990635    0.00
13 14 14 13   0.191549719577    0.00
14  1 13  2   0.013908853533    0.00
14  2 14  2   0.013908853604    0.00
14  1 11  4  -0.006954426791    0.00
14  2 12  4  -0.006954426811    0.00
14  3 13  4   0.006954426762    0.00
14  4 14  4   0.006954426801    0.00
14  1  9  6   0.008940265038    0.00
14  2 10  6   0.008940265023    0.00
14  3 11  6   0.002563706129    0.00
14  4 12  6   0.002563706138    0.00
14  5 13  6   0.008940264959    0.00
14  6 14  6   0.008940264998    0.00
14  1  7  8  -0.009933184122    0.00
14  3  9  8  -0.001404199682    0.00
14  4 10  8  -0.001404199680    0.00
14  5 11  8   0.001404199675    0.00
14  6 12  8   0.001404199678    0.00
14  7 13  8   0.009933184080    0.00
14  8 14  8   0.009933184097    0.00
14  1  5 10   0.017821586142    0.00
14  2  6 10   0.017821586169    0.00
14  3  7 10   0.011155885132    0.00
14  4  8 10   0.011155885126    0.00
14  5  9 10   0.010682436210    0.00
14  7 11 10   0.011155885132    0.00
14  8 12 10   0.011155885126    0.00
14  9 13 10   0.017821586147    0.00
14 10 14 10   0.017821586166    0.00
14  1  3 12  -0.029157729661    0.00
14  2  4 12  -0.029157729745    0.00
14  3  5 12  -0.014634898292    0.00
14  4  6 12  -0.014634898321    0.00
14  5  7 12  -0.004875842726    0.00
14  6  8 12  -0.004875842716    0.00
14  7  9 12   0.004875842748    0.00
14  8 10 12   0.004875842723    0.00
14  9 11 12   0.014634898358    0.00
14 11 13 12   0.029157729537    0.00
14 12 14 12   0.029157729702    0.00
14  1  1 14   0.191549721203    0.00
14  2  2 14   0.191549721663    0.00
14  3  3 14   0.162391991376    0.00
14  4  4 14   0.162391991922    0.00
14  5  5 14   0.151055847648    0.00
14  6  6 14   0.151055847746    0.00
14  7  7 14   0.147608106738    0.00
14  8  8 14   0.147608106082    0.00
14  9  9 14   0.151055849016    0.00
14 10 10 14   0.151055848151    0.00
14 11 11 14   0.162391991376    0.00
14 12 12 14   0.162391991922    0.00
14 13 13 14   0.191549719577    0.00
