200
 1  1   1.113318469163    0.000
 1  4   0.028425660971    0.000
 1  9  -0.003344332328    0.000
 1 12  -0.000120125367    0.000
 1 15  -0.052356846407    0.000
 1 18   0.003778140368    0.000
 1 23  -0.004377754561    0.000
 1 26  -0.004851915078    0.000
 2  2   1.183526936104    0.000
 2  7   0.000077774358    0.000
 2 10  -0.003480282972    0.000
 2 16  -0.042924227443    0.000
 2 21  -0.002306060540    0.000
 2 24   0.002457327973    0.000
 3  3   1.125333606732    0.000
 3  6   0.037029363444    0.000
 3 11   0.004186827420    0.000
 3 14  -0.000120126178    0.000
 3 17  -0.054815754784    0.000
 3 20   0.003141358909    0.000
 3 25   0.009744880760    0.000
 3 28   0.005263115852    0.000
 4  1   0.028425660971    0.000
 4  4   1.171948682720    0.000
 4  9   0.000176914883    0.000
 4 12   0.004186829421    0.000
 4 15   0.003634165038    0.000
 4 18  -0.049099376771    0.000
 4 23   0.005244325370    0.000
 4 26   0.001368437058    0.000
 5  5   1.138681455468    0.000
 5  8   0.040453995133    0.000
 5 13  -0.003480279399    0.000
 5 19  -0.048620025195    0.000
 5 22   0.009098089259    0.000
 5 27  -0.003848921274    0.000
 6  3   0.037029363444    0.000
 6  6   1.161688161607    0.000
 6 11   0.000176911713    0.000
 6 14  -0.003344333615    0.000
 6 17   0.005901745918    0.000
 6 20  -0.045669344471    0.000
 6 25  -0.005239607854    0.000
 6 28   0.001928494639    0.000
 7  2   0.000077774358    0.000
 7  7   1.145779540203    0.000
 7 10   0.040453997434    0.000
 7 16   0.003155311396    0.000
 7 21  -0.048384314922    0.000
 7 24   0.002047488274    0.000
 8  5   0.040453995133    0.000
 8  8   1.145779537580    0.000
 8 13   0.000077778487    0.000
 8 19   0.002047488399    0.000
 8 22  -0.048384314820    0.000
 8 27   0.003155311251    0.000
 9  1  -0.003344332328    0.000
 9  4   0.000176914883    0.000
 9  9   1.161688166614    0.000
 9 12   0.037029366566    0.000
 9 15   0.001928494607    0.000
 9 18  -0.005239607924    0.000
 9 23  -0.045669344641    0.000
 9 26   0.005901745836    0.000
10  2  -0.003480282972    0.000
10  7   0.040453997434    0.000
10 10   1.138681457485    0.000
10 16  -0.003848921141    0.000
10 21   0.009098089223    0.000
10 24  -0.048620025257    0.000
11  3   0.004186827420    0.000
11  6   0.000176911713    0.000
11 11   1.171948680667    0.000
11 14   0.028425660186    0.000
11 17   0.001368437117    0.000
11 20   0.005244325442    0.000
11 25  -0.049099376769    0.000
11 28   0.003634164984    0.000
12  1  -0.000120125367    0.000
12  4   0.004186829421    0.000
12  9   0.037029366566    0.000
12 12   1.125333608679    0.000
12 15   0.005263115819    0.000
12 18   0.009744880676    0.000
12 23   0.003141358667    0.000
12 26  -0.054815754924    0.000
13  5  -0.003480279399    0.000
13  8   0.000077778487    0.000
13 13   1.183526929679    0.000
13 19   0.002457327847    0.000
13 22  -0.002306060691    0.000
13 27  -0.042924227208    0.000
14  3  -0.000120126178    0.000
14  6  -0.003344333615    0.000
14 11   0.028425660186    0.000
14 14   1.113318468865    0.000
14 17  -0.004851915037    0.000
14 20  -0.004377754499    0.000
14 25   0.003778140487    0.000
14 28  -0.052356846384    0.000
15  1  -0.052356846407    0.000
15  4   0.003634165038    0.000
15  9   0.001928494607    0.000
15 12   0.005263115819    0.000
15 15   2.559648195078    0.000
15 18  -0.029986646898    0.000
15 23  -0.009040075482    0.000
15 26  -0.000186276951    0.000
16  2  -0.042924227443    0.000
16  7   0.003155311396    0.000
16 10  -0.003848921141    0.000
16 16   2.486251441138    0.000
16 21  -0.002215759396    0.000
16 24  -0.011730688590    0.000
17  3  -0.054815754784    0.000
17  6   0.005901745918    0.000
17 11   0.001368437117    0.000
17 14  -0.004851915037    0.000
17 17   2.544338460269    0.000
17 20  -0.037452405359    0.000
17 25   0.016350724885    0.000
17 28  -0.000186278653    0.000
18  1   0.003778140368    0.000
18  4  -0.049099376771    0.000
18  9  -0.005239607924    0.000
18 12   0.009744880676    0.000
18 15  -0.029986646898    0.000
18 18   2.495674664451    0.000
18 23   0.001019713470    0.000
18 26   0.016350729103    0.000
19  5  -0.048620025195    0.000
19  8   0.002047488399    0.000
19 13   0.002457327847    0.000
19 19   2.539987286430    0.000
19 22  -0.043006811817    0.000
19 27  -0.011730681067    0.000
20  3   0.003141358909    0.000
20  6  -0.045669344471    0.000
20 11   0.005244325442    0.000
20 14  -0.004377754499    0.000
20 17  -0.037452405359    0.000
20 20   2.516638317099    0.000
20 25   0.001019706745    0.000
20 28  -0.009040078193    0.000
21  2  -0.002306060540    0.000
21  7  -0.048384314922    0.000
21 10   0.009098089223    0.000
21 16  -0.002215759396    0.000
21 21   2.514905335227    0.000
21 24  -0.043006806943    0.000
22  5   0.009098089259    0.000
22  8  -0.048384314820    0.000
22 13  -0.002306060691    0.000
22 19  -0.043006811817    0.000
22 22   2.514905329690    0.000
22 27  -0.002215750697    0.000
23  1  -0.004377754561    0.000
23  4   0.005244325370    0.000
23  9  -0.045669344641    0.000
23 12   0.003141358667    0.000
23 15  -0.009040075482    0.000
23 18   0.001019713470    0.000
23 23   2.516638327637    0.000
23 26  -0.037452398858    0.000
24  2   0.002457327973    0.000
24  7   0.002047488274    0.000
24 10  -0.048620025257    0.000
24 16  -0.011730688590    0.000
24 21  -0.043006806943    0.000
24 24   2.539987290720    0.000
25  3   0.009744880760    0.000
25  6  -0.005239607854    0.000
25 11  -0.049099376769    0.000
25 14   0.003778140487    0.000
25 17   0.016350724885    0.000
25 20   0.001019706745    0.000
25 25   2.495674660023    0.000
25 28  -0.029986648544    0.000
26  1  -0.004851915078    0.000
26  4   0.001368437058    0.000
26  9   0.005901745836    0.000
26 12  -0.054815754924    0.000
26 15  -0.000186276951    0.000
26 18   0.016350729103    0.000
26 23  -0.037452398858    0.000
26 26   2.544338464275    0.000
27  5  -0.003848921274    0.000
27  8   0.003155311251    0.000
27 13  -0.042924227208    0.000
27 19  -0.011730681067    0.000
27 22  -0.002215750697    0.000
27 27   2.486251427683    0.000
28  3   0.005263115852    0.000
28  6   0.001928494639    0.000
28 11   0.003634164984    0.000
28 14  -0.052356846384    0.000
28 17  -0.000186278653    0.000
28 20  -0.009040078193    0.000
28 25  -0.029986648544    0.000
28 28   2.559648194470    0.000
