                 188
         1         1         1         1      3.034188034188      0.000000000000
         1         1         3         5     -0.133657644735      0.000000000000
         1         1         4         4      0.154334554335      0.000000000000
         1         1         5         3     -0.133657644735      0.000000000000
         1         2         2         1      3.034188034188      0.000000000000
         1         2         3         6     -0.308669108669      0.000000000000
         1         2         4         5      0.231501831502      0.000000000000
         1         2         5         4     -0.154334554335      0.000000000000
         1         2         6         3      0.077167277167      0.000000000000
         1         3         1         3      0.077167277167      0.000000000000
         1         3         3         1      3.034188034188      0.000000000000
         1         3         3         4     -0.109131009941      0.000000000000
         1         3         4         3      0.109131009941      0.000000000000
         1         4         1         4      0.154334554335      0.000000000000
         1         4         2         3     -0.133657644735      0.000000000000
         1         4         3         5     -0.189020453900      0.000000000000
         1         4         4         1      3.034188034188      0.000000000000
         1         4         4         4      0.109131009941      0.000000000000
         1         5         1         5      0.231501831502      0.000000000000
         1         5         2         4     -0.154334554335      0.000000000000
         1         5         3         6     -0.218262019883      0.000000000000
         1         5         5         1      3.034188034188      0.000000000000
         1         5         5         4      0.109131009941      0.000000000000
         1         5         6         3     -0.109131009941      0.000000000000
         1         6         1         6      0.308669108669      0.000000000000
         1         6         2         5     -0.133657644735      0.000000000000
         1         6         4         6     -0.218262019883      0.000000000000
         1         6         5         5      0.189020453900      0.000000000000
         1         6         6         1      3.034188034188      0.000000000000
         1         6         6         4     -0.109131009941      0.000000000000
         2         1         1         2      3.034188034188      0.000000000000
         2         1         3         6      0.077167277167      0.000000000000
         2         1         4         5     -0.154334554335      0.000000000000
         2         1         5         4      0.231501831502      0.000000000000
         2         1         6         3     -0.308669108669      0.000000000000
         2         2         2         2      3.034188034188      0.000000000000
         2         2         4         6     -0.133657644735      0.000000000000
         2         2         5         5      0.154334554335      0.000000000000
         2         2         6         4     -0.133657644735      0.000000000000
         2         3         1         4     -0.133657644735      0.000000000000
         2         3         2         3      0.308669108669      0.000000000000
         2         3         3         2      3.034188034188      0.000000000000
         2         3         3         5      0.109131009941      0.000000000000
         2         3         4         4     -0.189020453900      0.000000000000
         2         3         5         3      0.218262019883      0.000000000000
         2         4         1         5     -0.154334554335      0.000000000000
         2         4         2         4      0.231501831502      0.000000000000
         2         4         3         6      0.109131009941      0.000000000000
         2         4         4         2      3.034188034188      0.000000000000
         2         4         4         5     -0.109131009941      0.000000000000
         2         4         6         3      0.218262019883      0.000000000000
         2         5         1         6     -0.133657644735      0.000000000000
         2         5         2         5      0.154334554335      0.000000000000
         2         5         5         2      3.034188034188      0.000000000000
         2         5         5         5     -0.109131009941      0.000000000000
         2         5         6         4      0.189020453900      0.000000000000
         2         6         2         6      0.077167277167      0.000000000000
         2         6         5         6     -0.109131009941      0.000000000000
         2         6         6         2      3.034188034188      0.000000000000
         2         6         6         5      0.109131009941      0.000000000000
         3         1         1         3      3.034188034188      0.000000000000
         3         1         3         1      0.077167277167      0.000000000000
         3         1         3         4      0.109131009941      0.000000000000
         3         1         4         3     -0.109131009941      0.000000000000
         3         2         2         3      3.034188034188      0.000000000000
         3         2         3         2      0.308669108669      0.000000000000
         3         2         3         5      0.218262019883      0.000000000000
         3         2         4         1     -0.133657644735      0.000000000000
         3         2         4         4     -0.189020453900      0.000000000000
         3         2         5         3      0.109131009941      0.000000000000
         3         3         3         3      3.111355311355      0.000000000000
         3         4         1         3     -0.109131009941      0.000000000000
         3         4         3         1      0.109131009941      0.000000000000
         3         4         3         4      0.154334554335      0.000000000000
         3         4         4         3      2.957020757021      0.000000000000
         3         5         1         1     -0.133657644735      0.000000000000
         3         5         1         4     -0.189020453900      0.000000000000
         3         5         2         3      0.109131009941      0.000000000000
         3         5         3         2      0.218262019883      0.000000000000
         3         5         3         5      0.154334554335      0.000000000000
         3         5         5         3      2.957020757021      0.000000000000
         3         6         1         2     -0.308669108669      0.000000000000
         3         6         1         5     -0.218262019883      0.000000000000
         3         6         2         1      0.077167277167      0.000000000000
         3         6         2         4      0.109131009941      0.000000000000
         3         6         4         2      0.218262019883      0.000000000000
         3         6         4         5      0.154334554335      0.000000000000
         3         6         5         1     -0.109131009941      0.000000000000
         3         6         5         4     -0.154334554335      0.000000000000
         3         6         6         3      3.111355311355      0.000000000000
         4         1         1         4      3.034188034188      0.000000000000
         4         1         3         2     -0.133657644735      0.000000000000
         4         1         4         1      0.154334554335      0.000000000000
         4         1         4         4      0.109131009941      0.000000000000
         4         1         5         3     -0.189020453900      0.000000000000
         4         2         2         4      3.034188034188      0.000000000000
         4         2         3         6      0.218262019883      0.000000000000
         4         2         4         2      0.231501831502      0.000000000000
         4         2         5         1     -0.154334554335      0.000000000000
         4         2         5         4     -0.109131009941      0.000000000000
         4         2         6         3      0.109131009941      0.000000000000
         4         3         1         3      0.109131009941      0.000000000000
         4         3         3         1     -0.109131009941      0.000000000000
         4         3         3         4      2.957020757021      0.000000000000
         4         3         4         3      0.154334554335      0.000000000000
         4         4         1         1      0.154334554335      0.000000000000
         4         4         1         4      0.109131009941      0.000000000000
         4         4         2         3     -0.189020453900      0.000000000000
         4         4         3         2     -0.189020453900      0.000000000000
         4         4         4         1      0.109131009941      0.000000000000
         4         4         4         4      3.111355311355      0.000000000000
         4         5         1         2      0.231501831502      0.000000000000
         4         5         2         1     -0.154334554335      0.000000000000
         4         5         2         4     -0.109131009941      0.000000000000
         4         5         3         6      0.154334554335      0.000000000000
         4         5         5         1      0.109131009941      0.000000000000
         4         5         5         4      3.111355311355      0.000000000000
         4         5         6         3     -0.154334554335      0.000000000000
         4         6         1         6     -0.218262019883      0.000000000000
         4         6         2         2     -0.133657644735      0.000000000000
         4         6         4         6      0.154334554335      0.000000000000
         4         6         5         2      0.189020453900      0.000000000000
         4         6         6         1     -0.109131009941      0.000000000000
         4         6         6         4      2.957020757021      0.000000000000
         5         1         1         5      3.034188034188      0.000000000000
         5         1         3         6     -0.109131009941      0.000000000000
         5         1         4         2     -0.154334554335      0.000000000000
         5         1         4         5      0.109131009941      0.000000000000
         5         1         5         1      0.231501831502      0.000000000000
         5         1         6         3     -0.218262019883      0.000000000000
         5         2         2         5      3.034188034188      0.000000000000
         5         2         4         6      0.189020453900      0.000000000000
         5         2         5         2      0.154334554335      0.000000000000
         5         2         5         5     -0.109131009941      0.000000000000
         5         2         6         1     -0.133657644735      0.000000000000
         5         3         1         1     -0.133657644735      0.000000000000
         5         3         2         3      0.218262019883      0.000000000000
         5         3         3         2      0.109131009941      0.000000000000
         5         3         3         5      2.957020757021      0.000000000000
         5         3         4         1     -0.189020453900      0.000000000000
         5         3         5         3      0.154334554335      0.000000000000
         5         4         1         2     -0.154334554335      0.000000000000
         5         4         1         5      0.109131009941      0.000000000000
         5         4         2         1      0.231501831502      0.000000000000
         5         4         3         6     -0.154334554335      0.000000000000
         5         4         4         2     -0.109131009941      0.000000000000
         5         4         4         5      3.111355311355      0.000000000000
         5         4         6         3      0.154334554335      0.000000000000
         5         5         1         6      0.189020453900      0.000000000000
         5         5         2         2      0.154334554335      0.000000000000
         5         5         2         5     -0.109131009941      0.000000000000
         5         5         5         2     -0.109131009941      0.000000000000
         5         5         5         5      3.111355311355      0.000000000000
         5         5         6         1      0.189020453900      0.000000000000
         5         6         2         6     -0.109131009941      0.000000000000
         5         6         5         6      0.154334554335      0.000000000000
         5         6         6         2      0.109131009941      0.000000000000
         5         6         6         5      2.957020757021      0.000000000000
         6         1         1         6      3.034188034188      0.000000000000
         6         1         4         6     -0.109131009941      0.000000000000
         6         1         5         2     -0.133657644735      0.000000000000
         6         1         5         5      0.189020453900      0.000000000000
         6         1         6         1      0.308669108669      0.000000000000
         6         1         6         4     -0.218262019883      0.000000000000
         6         2         2         6      3.034188034188      0.000000000000
         6         2         5         6      0.109131009941      0.000000000000
         6         2         6         2      0.077167277167      0.000000000000
         6         2         6         5     -0.109131009941      0.000000000000
         6         3         1         2      0.077167277167      0.000000000000
         6         3         1         5     -0.109131009941      0.000000000000
         6         3         2         1     -0.308669108669      0.000000000000
         6         3         2         4      0.218262019883      0.000000000000
         6         3         3         6      3.111355311355      0.000000000000
         6         3         4         2      0.109131009941      0.000000000000
         6         3         4         5     -0.154334554335      0.000000000000
         6         3         5         1     -0.218262019883      0.000000000000
         6         3         5         4      0.154334554335      0.000000000000
         6         4         1         6     -0.109131009941      0.000000000000
         6         4         2         2     -0.133657644735      0.000000000000
         6         4         2         5      0.189020453900      0.000000000000
         6         4         4         6      2.957020757021      0.000000000000
         6         4         6         1     -0.218262019883      0.000000000000
         6         4         6         4      0.154334554335      0.000000000000
         6         5         2         6      0.109131009941      0.000000000000
         6         5         5         6      2.957020757021      0.000000000000
         6         5         6         2     -0.109131009941      0.000000000000
         6         5         6         5      0.154334554335      0.000000000000
         6         6         6         6      3.111355311355      0.000000000000
