                  60
         1         1    -16.113639930000      0.000000000000
         1         7      1.624180821888      0.000000000000
         1        13      0.410777987309      0.000000000000
         1        19      2.146678805549      0.000000000000
         2         2    -16.113639930000      0.000000000000
         2         8      1.624180821888      0.000000000000
         2        14      0.410777987309      0.000000000000
         2        20      2.146678805549      0.000000000000
         3         3    -16.820711830000      0.000000000000
         3         9      2.129313378207      0.000000000000
         3        15      1.682037775368      0.000000000000
         3        21      0.421949210964      0.000000000000
         4         4    -16.820711830000      0.000000000000
         4        10      2.129313378207      0.000000000000
         4        16      1.682037775368      0.000000000000
         4        22      0.421949210964      0.000000000000
         5         5    -16.820711830000      0.000000000000
         5        11      2.129313378207      0.000000000000
         5        17      1.682037775368      0.000000000000
         5        23      0.421949210964      0.000000000000
         6         6    -16.820711830000      0.000000000000
         6        12      2.129313378207      0.000000000000
         6        18      1.682037775368      0.000000000000
         6        24      0.421949210964      0.000000000000
         7         1      1.624180821888      0.000000000000
         7         7      6.581343914029      0.000000000000
         8         2      1.624180821888      0.000000000000
         8         8      6.581343914029      0.000000000000
         9         3      2.129313378207      0.000000000000
         9         9     -3.114476586609      0.000000000000
        10         4      2.129313378207      0.000000000000
        10        10     -3.114476586609      0.000000000000
        11         5      2.129313378207      0.000000000000
        11        11     -3.114476586609      0.000000000000
        12         6      2.129313378207      0.000000000000
        12        12     -3.114476586609      0.000000000000
        13         1      0.410777987309      0.000000000000
        13        13     -0.741149613060      0.000000000000
        14         2      0.410777987309      0.000000000000
        14        14     -0.741149613060      0.000000000000
        15         3      1.682037775368      0.000000000000
        15        15      5.994894872806      0.000000000000
        16         4      1.682037775368      0.000000000000
        16        16      5.994894872806      0.000000000000
        17         5      1.682037775368      0.000000000000
        17        17      5.994894872806      0.000000000000
        18         6      1.682037775368      0.000000000000
        18        18      5.994894872806      0.000000000000
        19         1      2.146678805549      0.000000000000
        19        19     -3.117860668034      0.000000000000
        20         2      2.146678805549      0.000000000000
        20        20     -3.117860668034      0.000000000000
        21         3      0.421949210964      0.000000000000
        21        21     -0.791976243489      0.000000000000
        22         4      0.421949210964      0.000000000000
        22        22     -0.791976243489      0.000000000000
        23         5      0.421949210964      0.000000000000
        23        23     -0.791976243489      0.000000000000
        24         6      0.421949210964      0.000000000000
        24        24     -0.791976243489      0.000000000000
